f0(*10^9) ||UA - Unum||inf(N=10^3) ||UA - Unum||inf(N=10^4) ||UA - Unum||inf(N=10^5)
0 7.5 6.6657E-4 3.3778E-4 1.3252E-4
0 10 0.0035605 8.3856E-4 1.9212E-4
0 15 0.0037981 0.0012861 4.2371E-4
0 20 0.0037453 9.5485E-4 4.9797E-4
0 25 0.0030923 9.4894E-4 3.0505E-4
0 30 9.1871E-4 2.8515E-4 9.1754E-5
0 35 7.0074E-4 3.5254E-4 7.5383E-5
1 7.5 6.6657E-4 3.3778E-4 1.3252E-4
1 10 0.0035605 8.3856E-4 2.0258E-4
1 15 0.0037981 0.0012861 4.2371E-4
1 20 0.0037453 9.5485E-4 4.9797E-4
1 25 0.0030923 9.4894E-4 3.0505E-4
1 30 9.1871E-4 2.8515E-4 9.1754E-5
1 35 7.0074E-4 3.5254E-4 7.5383E-5
3 7.5 6.8531E-4 3.3778E-4 1.3252E-4
3 10 0.0035605 8.3856E-4 2.0258E-4
3 15 0.0037981 0.0012861 4.2371E-4
3 20 0.0037453 9.5485E-4 4.9797E-4
3 25 0.0030923 9.4894E-4 3.0505E-4
3 30 9.1871E-4 2.8515E-4 9.1754E-5
3 35 7.2786E-4 3.5254E-4 7.5383E-5
9 7.5 8.7465E-4 7.491E-4 7.491E-4
9 10 0.0035605 0.0011166 7.5858E-4
9 15 0.0037981 0.0012861 4.4469E-4
9 20 0.0037453 9.5485E-4 4.9797E-4
9 25 0.0030923 9.4894E-4 3.0505E-4
9 30 9.1871E-4 2.8515E-4 1.0216E-4
9 35 7.2786E-4 3.5254E-4 7.5383E-5
27 7.5 0.0015984 0.0015984 0.0015984
27 10 0.0035605 0.0014892 0.0014892
27 15 0.004477 0.0012861 7.6454E-4
27 20 0.0037453 9.5485E-4 6.9211E-4
27 25 0.0030923 9.4894E-4 3.0505E-4
27 30 9.1871E-4 2.8515E-4 1.3251E-4
27 35 7.2786E-4 3.5254E-4 7.7777E-5
