f0(*10^9) tmax N(*10^-9) ||UA - Unum||inf
0 7.5 10^3 6.6657E-4
0 7.5 10^4 3.3778E-4
0 7.5 10^5 1.3252E-4
0 10 10^3 0.0035605
0 10 10^4 8.3856E-4
0 10 10^5 1.9212E-4
0 15 10^3 0.0037981
0 15 10^4 0.0012861
0 15 10^5 4.2371E-4
0 20 10^3 0.0037453
0 20 10^4 9.5485E-4
0 20 10^5 4.9797E-4
0 25 10^3 0.0030923
0 25 10^4 9.4894E-4
0 25 10^5 3.0505E-4
0 30 10^3 9.1871E-4
0 30 10^4 2.8515E-4
0 30 10^5 9.1754E-5
0 35 10^3 7.0074E-4
0 35 10^4 3.5254E-4
0 35 10^5 7.5383E-5
1 7.5 10^3 6.6657E-4
1 7.5 10^4 3.3778E-4
1 7.5 10^5 1.3252E-4
1 10 10^3 0.0035605
1 10 10^4 8.3856E-4
1 10 10^5 2.0258E-4
1 15 10^3 0.0037981
1 15 10^4 0.0012861
1 15 10^5 4.2371E-4
1 20 10^3 0.0037453
1 20 10^4 9.5485E-4
1 20 10^5 4.9797E-4
1 25 10^3 0.0030923
1 25 10^4 9.4894E-4
1 25 10^5 3.0505E-4
1 30 10^3 9.1871E-4
1 30 10^4 2.8515E-4
1 30 10^5 9.1754E-5
1 35 10^3 7.0074E-4
1 35 10^4 3.5254E-4
1 35 10^5 7.5383E-5
3 7.5 10^3 6.8531E-4
3 7.5 10^4 3.3778E-4
3 7.5 10^5 1.3252E-4
3 10 10^3 0.0035605
3 10 10^4 8.3856E-4
3 10 10^5 2.0258E-4
3 15 10^3 0.0037981
3 15 10^4 0.0012861
3 15 10^5 4.2371E-4
3 20 10^3 0.0037453
3 20 10^4 9.5485E-4
3 20 10^5 4.9797E-4
3 25 10^3 0.0030923
3 25 10^4 9.4894E-4
3 25 10^5 3.0505E-4
3 30 10^3 9.1871E-4
3 30 10^4 2.8515E-4
3 30 10^5 9.1754E-5
3 35 10^3 7.2786E-4
3 35 10^4 3.5254E-4
3 35 10^5 7.5383E-5
9 7.5 10^3 8.7465E-4
9 7.5 10^4 7.491E-4
9 7.5 10^5 7.491E-4
9 10 10^3 0.0035605
9 10 10^4 0.0011166
9 10 10^5 7.5858E-4
9 15 10^3 0.0037981
9 15 10^4 0.0012861
9 15 10^5 4.4469E-4
9 20 10^3 0.0037453
9 20 10^4 9.5485E-4
9 20 10^5 4.9797E-4
9 25 10^3 0.0030923
9 25 10^4 9.4894E-4
9 25 10^5 3.0505E-4
9 30 10^3 9.1871E-4
9 30 10^4 2.8515E-4
9 30 10^5 1.0216E-4
9 35 10^3 7.2786E-4
9 35 10^4 3.5254E-4
9 35 10^5 7.5383E-5
27 7.5 10^3 0.0015984
27 7.5 10^4 0.0015984
27 7.5 10^5 0.0015984
27 10 10^3 0.0035605
27 10 10^4 0.0014892
27 10 10^5 0.0014892
27 15 10^3 0.004477
27 15 10^4 0.0012861
27 15 10^5 7.6454E-4
27 20 10^3 0.0037453
27 20 10^4 9.5485E-4
27 20 10^5 6.9211E-4
27 25 10^3 0.0030923
27 25 10^4 9.4894E-4
27 25 10^5 3.0505E-4
27 30 10^3 9.1871E-4
27 30 10^4 2.8515E-4
27 30 10^5 1.3251E-4
27 35 10^3 7.2786E-4
27 35 10^4 3.5254E-4
27 35 10^5 7.7777E-5
