-2 0.34287 -0.1328 0.019306 0.0092283 0.004262 0.0037602 0.0021885 
-1.96 0.35276 -0.13189 0.017957 0.0057508 0.0033685 0.00036255 0.00025054 
-1.92 0.36483 -0.12783 0.020083 0.006358 0.003516 0.000413 0.0011762 
-1.88 0.37702 -0.13073 0.022316 0.0080847 0.0030594 0.0029884 0.0015322 
-1.84 0.38907 -0.12974 0.022676 0.0060295 0.0043173 0.0018323 0.0018204 
-1.8 0.40123 -0.13153 0.020781 0.0075856 0.001723 2.1677e-05 0.00011303 
-1.76 0.41281 -0.13158 0.020526 0.0084286 0.0036371 0.0024639 0.0004807 
-1.72 0.42501 -0.12496 0.02032 0.0094878 0.0042126 0.00088231 0.0010643 
-1.68 0.43849 -0.13115 0.015302 0.0051632 0.003112 0.0020305 0.0022888 
-1.64 0.44969 -0.12347 0.021002 0.0082593 0.0032365 0.0040347 0.0027507 
-1.6 0.46276 -0.12276 0.022246 0.0080877 0.0030013 0.0033098 0.0021505 
-1.56 0.47497 -0.12037 0.02192 0.0067126 0.0025146 0.0031995 0.0013315 
-1.52 0.48728 -0.12429 0.020392 0.007538 0.0025098 0.0047482 0.00091681 
-1.48 0.50054 -0.12308 0.020856 0.0067224 0.0041346 0.0010582 0.00036065 
-1.44 0.51254 -0.12302 0.016831 0.0037921 0.0046966 0.0019715 0.0019848 
-1.4 0.52502 -0.11762 0.018392 0.0080038 0.0034862 0.003164 0.0011359 
-1.36 0.53759 -0.11242 0.021467 0.0083402 0.0060345 0.0015188 0.0024443 
-1.32 0.55018 -0.11122 0.019555 0.0065384 0.0031371 0.0014841 0.00054681 
-1.28 0.56224 -0.1126 0.022074 0.0056203 0.0017415 0.0032049 0.0013765 
-1.24 0.57437 -0.10801 0.018371 0.007741 0.0048355 0.00049745 0.00096665 
-1.2 0.58682 -0.11138 0.01853 0.0079381 0.0037096 0.0018789 -0.0018831 
-1.16 0.59893 -0.10969 0.019873 0.0081033 0.0031684 0.0010256 0.0011379 
-1.12 0.61067 -0.10149 0.016807 0.007838 0.0048525 0.0036047 0.0018136 
-1.08 0.62229 -0.09556 0.014456 0.006879 0.0047457 0.0023539 0.0015925 
-1.04 0.63374 -0.096964 0.018952 0.0050131 0.0030552 0.0029809 0.0016785 
-1 0.64516 -0.092753 0.019631 0.0060465 0.0035465 0.0022273 0.00042893 
-0.96 0.65598 -0.087448 0.019305 0.0086509 0.0032531 0.0011232 -5.0917e-05 
-0.92 0.66682 -0.085736 0.017449 0.0066542 0.0027585 0.0029534 0.0029504 
-0.88 0.67732 -0.081392 0.019126 0.0063736 0.0036942 0.0014606 0.0025272 
-0.84 0.68723 -0.084959 0.023034 0.0070909 0.0057447 0.0039604 0.0015678 
-0.8 0.69731 -0.072433 0.02109 0.0069829 0.0047965 0.0020795 0.0018816 
-0.76 0.70646 -0.068868 0.014598 0.0058191 0.0059831 0.0024583 0.0005346 
-0.72 0.71564 -0.066766 0.019181 0.0067365 0.0035589 0.0013098 0.0015288 
-0.68 0.72437 -0.0674 0.020397 0.010536 0.0044466 0.0041404 0.0021571 
-0.64 0.73263 -0.056595 0.018156 0.0070942 0.0045008 0.0033269 0.0023489 
-0.6 0.74052 -0.057304 0.016981 0.007583 0.0021077 0.0032503 0.0031262 
-0.56 0.74801 -0.052828 0.016381 0.0061774 0.0035537 0.001487 0.0022307 
-0.52 0.75503 -0.053379 0.018548 0.0030592 0.0049751 0.0031286 0.0022105 
-0.48 0.76147 -0.042017 0.015124 0.0072119 0.0035741 0.0015094 0.00085719 
-0.44 0.76752 -0.040885 0.015636 0.0061621 0.0020575 0.0023624 0.0019802 
-0.4 0.77301 -0.033673 0.01662 0.007462 0.0030035 0.00043309 0.0014071 
-0.36 0.77812 -0.032314 0.017795 0.0074288 0.0037661 0.0015768 0.0031749 
-0.32 0.78273 -0.032034 0.015658 0.0078384 0.0038034 0.0017383 0.00034297 
-0.28 0.78672 -0.027589 0.015227 0.0078903 0.0054162 0.0035573 0.0006702 
-0.24 0.79009 -0.020367 0.016301 0.005652 0.0038399 0.0031884 0.0015293 
-0.2 0.79304 -0.014788 0.016964 0.0056899 0.0018041 0.00056012 0.0029388 
-0.16 0.79539 -0.011998 0.014268 0.0070965 0.0030734 0.0045939 0.0025648 
-0.12 0.7971 -0.0078453 0.016356 0.0044524 0.0036991 0.00072249 0.0015109 
-0.08 0.79839 -0.003783 0.014525 0.0068772 0.0053811 0.0030591 0.0026826 
-0.04 0.79925 0.00048224 0.017732 0.0072025 0.00095905 0.0017379 0.00062997 
1.2351e-15 0.79921 0.0024506 0.015818 0.0081569 -0.00015514 0.0017257 0.0021209 
0.04 0.79508 0.015651 0.015529 0.0054701 0.0039958 0.0023649 0.0015133 
0.08 0.78943 0.016702 0.014237 0.007262 0.0039685 0.002718 0.0036147 
0.12 0.7855 0.019722 0.014373 0.0068542 0.006038 0.0029781 0.0017733 
0.16 0.77976 0.021977 0.015843 0.0078982 0.0039421 0.0029621 0.00041371 
0.2 0.77323 0.025432 0.014072 0.0087195 0.0048497 0.0048355 0.0012433 
0.24 0.7665 0.030541 0.016712 0.0052166 0.0052404 0.00095335 0.0032726 
0.28 0.7594 0.037769 0.019616 0.0065296 0.0033208 0.0010429 -0.00079464 
0.32 0.75094 0.0365 0.016668 0.0091684 0.0025851 0.003643 0.0018954 
0.36 0.74517 0.044224 0.019613 0.0061132 0.0053384 0.0045591 0.0023168 
0.4 0.7342 0.047898 0.016597 0.0097734 0.0013135 0.0030517 0.0017127 
0.44 0.72459 0.053435 0.015406 0.0077801 0.0036563 0.0025805 0.0036167 
0.48 0.71763 0.060008 0.014585 0.010054 0.0056148 0.0035287 0.0028644 
0.52 0.70639 0.053653 0.016485 0.0078848 0.0047832 0.0039478 0.0014623 
0.56 0.70011 0.066602 0.016979 0.0087494 0.0052083 0.0025873 0.0010026 
0.6 0.68701 0.070219 0.023019 0.0094263 0.0051421 0.0046971 0.003398 
0.64 0.67629 0.070505 0.018184 0.0090666 0.0040623 0.0032037 0.0023416 
0.68 0.66699 0.081685 0.018277 0.0095343 0.0018171 0.0031043 0.0022712 
0.72 0.65761 0.083168 0.018235 0.010226 0.0041841 0.003515 0.0031339 
0.76 0.64307 0.08381 0.017543 0.010428 0.0048 0.0018043 0.00175 
0.8 0.62655 0.092407 0.020976 0.007873 0.0059591 0.0035673 0.0002347 
0.84 0.61567 0.094173 0.019192 0.0081128 0.0040233 0.0027604 0.0040239 
0.88 0.61095 0.095405 0.02293 0.0077617 0.0034994 0.0022462 0.0026761 
0.92 0.59556 0.097677 0.01899 0.0095259 0.0057243 0.0022324 0.0030257 
0.96 0.58237 0.10409 0.02066 0.0098181 0.0045513 0.0050671 0.0035844 
1 0.57121 0.1089 0.019528 0.010645 0.0044046 0.0035652 0.0023891 
1.04 0.55535 0.11169 0.020726 0.0106 0.0037272 0.0037462 0.0038255 
1.08 0.54379 0.11409 0.015561 0.0085948 0.0045098 0.0042917 0.0034866 
1.12 0.53203 0.12063 0.020956 0.0070982 0.0060579 0.0024415 0.0027246 
1.16 0.5164 0.11994 0.017876 0.007967 0.0071729 0.0058751 0.0027936 
1.2 0.50408 0.12864 0.016904 0.0099407 0.0061146 0.0033937 0.0027072 
1.24 0.49215 0.12682 0.019084 0.011709 0.0061191 0.0035514 0.0031786 
1.28 0.47776 0.13675 0.019921 0.010687 0.005845 0.0035829 0.0035738 
1.32 0.4619 0.14493 0.020323 0.010359 0.0054785 0.0032674 0.0024376 
1.36 0.4541 0.14384 0.020763 0.011555 0.0068331 0.0044952 0.0017965 
1.4 0.43948 0.14129 0.024201 0.009892 0.0063703 0.0037218 0.0032656 
1.44 0.4267 0.15495 0.021185 0.0091067 0.0081121 0.0053012 0.003025 
1.48 0.41577 0.1596 0.022039 0.009707 0.0079351 0.0039618 0.0040094 
1.52 0.4046 0.15814 0.021478 0.0077167 0.0082365 0.0058558 0.0026486 
1.56 0.39138 0.15877 0.020595 0.010258 0.0078789 0.0070579 0.0044368 
1.6 0.37977 0.17095 0.020169 0.011112 0.0095892 0.0051138 0.003646 
1.64 0.37186 0.16952 0.020543 0.0090199 0.0068741 0.0040659 0.0019393 
1.68 0.35665 0.17306 0.024088 0.010643 0.0047048 0.0060901 0.0039626 
1.72 0.34426 0.17948 0.026288 0.0083848 0.0057197 0.0040622 0.0031352 
1.76 0.33339 0.18877 0.020998 0.01431 0.0050974 0.0044394 0.0041814 
1.8 0.325 0.18677 0.024835 0.015074 0.0081438 0.0044951 0.0040408 
1.84 0.31436 0.19211 0.021494 0.013251 0.0069632 0.0044962 0.0032954 
1.88 0.30167 0.19948 0.022435 0.011822 0.0086516 0.0069347 0.0037826 
1.92 0.2919 0.20114 0.024351 0.0128 0.0081817 0.0061407 0.0044197 
1.96 0.28234 0.20585 0.020832 0.012239 0.0052033 0.0029887 0.0033694 
