1.928 4.6223e-09 7.6681e-38 4.6223e-09 7.6854e-38 4.6223e-09 7.6782e-38 4.6223e-09 -0.00012765 -1.1869e-21 -0.00012765 -1.2023e-21 -0.00012765 -1.2009e-21 -0.00012765 -0.00095815 -0.00096704 8.8834e-06 -0.00096034 2.1873e-06 -0.000957 -1.1557e-06 0.00053665 0.00071067 -0.00017402 0.00052626 1.0384e-05 0.00057058 -3.3928e-05 2.4916e-08 -0.00014788 0.00014791 -5.4862e-05 5.4887e-05 5.3596e-05 -5.3572e-05 8.8245e-06 2.0961e-05 -1.2137e-05 1.2701e-05 -3.8766e-06 9.479e-06 -6.5458e-07 6.6257e-05 5.4918e-05 1.134e-05 7.8102e-05 -1.1845e-05 9.2578e-05 -2.632e-05 
1.932 -8.7139e-09 -1.2229e-37 -8.7139e-09 -1.2361e-37 -8.7139e-09 -1.2371e-37 -8.7139e-09 0.00027792 2.0878e-21 0.00027792 2.1054e-21 0.00027792 2.1139e-21 0.00027792 0.0020055 0.002021 -1.5536e-05 0.0020066 -1.0976e-06 0.0020037 1.7854e-06 -0.0011147 -0.0010447 -6.9949e-05 -0.0011056 -9.09e-06 -0.001109 -5.6796e-06 -5.9225e-08 -0.00017765 0.00017759 1.7107e-05 -1.7166e-05 -9.0624e-07 8.4701e-07 -1.923e-05 7.4096e-05 -9.3326e-05 3.9332e-06 -2.3163e-05 5.9586e-06 -2.5188e-05 -0.00013878 3.5815e-05 -0.0001746 -0.00016498 2.6202e-05 -0.00013239 -6.3954e-06 
1.936 1.0868e-08 1.3301e-37 1.0868e-08 1.3108e-37 1.0868e-08 1.3129e-37 1.0868e-08 -0.00039746 -2.4435e-21 -0.00039746 -2.4572e-21 -0.00039746 -2.4535e-21 -0.00039746 -0.0027616 -0.0027835 2.1871e-05 -0.0027596 -1.9896e-06 -0.0027621 4.9251e-07 0.001519 0.0015254 -6.3814e-06 0.0015523 -3.3275e-05 0.0015192 -2.181e-07 9.1418e-08 0.0001642 -0.00016411 0.00014901 -0.00014892 -7.8362e-06 7.9277e-06 2.7508e-05 0.00019718 -0.00016968 7.0926e-05 -4.3419e-05 6.6981e-06 2.081e-05 0.00019114 -9.3993e-06 0.00020054 0.00024118 -5.0037e-05 0.00017635 1.4789e-05 
1.94 -1.151e-08 -1.1748e-37 -1.151e-08 -1.1779e-37 -1.151e-08 -1.1805e-37 -1.151e-08 0.00048071 2.4129e-21 0.00048071 2.4049e-21 0.00048071 2.4081e-21 0.00048071 0.003218 0.0032351 -1.7125e-05 0.0032168 1.2292e-06 0.0032166 1.4026e-06 -0.0017469 -0.0020235 0.0002766 -0.0018119 6.5043e-05 -0.0017405 -6.3677e-06 -1.1921e-07 0.00038114 -0.00038126 -1.4743e-06 1.3551e-06 -8.166e-06 8.0468e-06 -3.3274e-05 -0.00010055 6.7278e-05 -2.9724e-05 -3.5503e-06 -6.7338e-06 -2.654e-05 -0.00022276 -0.00011262 -0.00011014 -0.00017527 -4.7487e-05 -0.00021532 -7.4381e-06 
1.944 1.1076e-08 9.5774e-38 1.1076e-08 9.6192e-38 1.1076e-08 9.5893e-38 1.1076e-08 -0.00052513 -2.1426e-21 -0.00052513 -2.143e-21 -0.00052513 -2.141e-21 -0.00052513 -0.0033882 -0.003431 4.2747e-05 -0.0033877 -5.0836e-07 -0.0033864 -1.8466e-06 0.0018091 0.0015059 0.00030327 0.0017907 1.8475e-05 0.0018323 -2.3176e-05 1.405e-07 0.0001498 -0.00014966 0.00012348 -0.00012334 -2.9507e-05 2.9648e-05 3.6352e-05 -0.00016492 0.00020127 2.2207e-05 1.4145e-05 -2.1761e-05 5.8113e-05 0.00023456 0.00036525 -0.00013069 0.00030885 -7.4295e-05 0.00025029 -1.5727e-05 
1.948 -9.9643e-09 -7.2364e-38 -9.9643e-09 -7.2463e-38 -9.9643e-09 -7.2336e-38 -9.9643e-09 0.00053117 1.7654e-21 0.00053117 1.7669e-21 0.00053117 1.7657e-21 0.00053117 0.0033042 0.0032912 1.2936e-05 0.0033042 -3.8673e-08 0.0033043 -1.5075e-07 -0.001728 -0.0015388 -0.00018923 -0.0019105 0.00018252 -0.0017392 1.1215e-05 -1.5355e-07 5.0996e-05 -5.1149e-05 2.7443e-05 -2.7597e-05 2.9529e-05 -2.9682e-05 -3.6773e-05 -0.00034913 0.00031236 4.2055e-06 -4.0979e-05 3.0415e-05 -6.7189e-05 -0.00022875 -7.3673e-06 -0.00022139 -0.00025139 2.2634e-05 -0.0002378 9.051e-06 
1.952 8.4994e-09 5.111e-38 8.4994e-09 5.1197e-38 8.4994e-09 5.1122e-38 8.4994e-09 -0.00050203 -1.3506e-21 -0.00050203 -1.3632e-21 -0.00050203 -1.3637e-21 -0.00050203 -0.0030112 -0.0029841 -2.7119e-05 -0.003014 2.8022e-06 -0.003014 2.7786e-06 0.001534 0.0014947 3.9302e-05 0.0015487 -1.4648e-05 0.0015398 -5.834e-06 1.5712e-07 0.00036526 -0.0003651 -0.00016069 0.00016085 4.3572e-06 -4.2001e-06 3.4759e-05 -5.1964e-05 8.6723e-05 3.2413e-05 2.3457e-06 -2.9265e-06 3.7685e-05 0.00020848 0.0002713 -6.2815e-05 0.00019271 1.5766e-05 0.00020446 4.0253e-06 
1.956 -6.9133e-09 -3.3732e-38 -6.9133e-09 -3.3868e-38 -6.9133e-09 -3.3852e-38 -6.9133e-09 0.00044322 9.8198e-22 0.00044322 9.8558e-22 0.00044322 9.8504e-22 0.00044322 0.0025632 0.0025504 1.2841e-05 0.0025618 1.4476e-06 0.0025614 1.8507e-06 -0.0012628 -0.0012982 3.5392e-05 -0.0011933 -6.9597e-05 -0.001235 -2.7895e-05 -1.5054e-07 0.00011248 -0.00011263 -0.00012602 0.00012587 1.1683e-05 -1.1834e-05 -3.069e-05 0.00054803 -0.00057872 3.2668e-05 -6.3358e-05 3.1535e-06 -3.3844e-05 -0.00017748 -0.00013076 -4.6713e-05 -0.0001837 6.2211e-06 -0.00018014 2.6615e-06 
1.96 5.3441e-09 2.0784e-38 5.3441e-09 2.0768e-38 5.3441e-09 2.078e-38 5.3441e-09 -0.000362 -6.6312e-22 -0.000362 -6.6105e-22 -0.000362 -6.6006e-22 -0.000362 -0.0020178 -0.0020466 2.8807e-05 -0.00202 2.1407e-06 -0.0020205 2.6708e-06 0.00095216 0.001058 -0.00010581 0.0011 -0.00014787 0.00092377 2.839e-05 1.3384e-07 -0.00015319 0.00015333 0.00011043 -0.0001103 -1.0438e-05 1.0572e-05 2.5069e-05 0.00016574 -0.00014068 -6.422e-05 8.9289e-05 -1.5623e-05 4.0692e-05 0.00013973 -0.0001837 0.00032343 0.00024499 -0.00010527 0.00014264 -2.9097e-06 
1.964 -3.8462e-09 -1.1566e-38 -3.8462e-09 -1.1507e-38 -3.8462e-09 -1.1535e-38 -3.8462e-09 0.00026665 3.9859e-22 0.00026665 3.999e-22 0.00026665 3.9982e-22 0.00026665 0.0014316 0.0014325 -9.0775e-07 0.0014344 -2.7593e-06 0.0014311 5.0045e-07 -0.00063833 -0.00065239 1.4063e-05 -0.00062702 -1.131e-05 -0.00062775 -1.0572e-05 -1.0773e-07 0.00026123 -0.00026133 -7.1389e-05 7.1281e-05 -1.7108e-05 1.7e-05 -1.847e-05 0.00024592 -0.00026439 -7.4508e-05 5.6038e-05 1.8699e-05 -3.7169e-05 -9.915e-05 -0.00030797 0.00020882 -4.0072e-05 -5.9078e-05 -0.00011558 1.6427e-05 
1.968 2.4101e-09 5.4237e-39 2.4101e-09 5.4209e-39 2.4101e-09 5.4234e-39 2.4101e-09 -0.0001658 -2.0566e-22 -0.0001658 -2.0563e-22 -0.0001658 -2.0493e-22 -0.0001658 -0.00085617 -0.00085444 -1.7229e-06 -0.00085688 7.1359e-07 -0.00085693 7.6187e-07 0.00035376 0.00057167 -0.0002179 0.00023366 0.0001201 0.00039628 -4.2522e-05 7.3606e-08 -0.00014291 0.00014299 6.2643e-05 -6.257e-05 -2.5913e-05 2.5987e-05 1.1489e-05 -0.00033617 0.00034766 -5.7029e-06 1.7192e-05 1.6856e-05 -5.367e-06 5.9312e-05 0.00011132 -5.201e-05 -1.1316e-05 7.0628e-05 5.8455e-05 8.5649e-07 
1.972 -9.8748e-10 -1.6799e-39 -9.8748e-10 -1.6824e-39 -9.8748e-10 -1.6753e-39 -9.8748e-10 6.7658e-05 6.8752e-23 6.7658e-05 6.8791e-23 6.7658e-05 6.892e-23 6.7658e-05 0.00033487 0.00033756 -2.6886e-06 0.00033572 -8.5089e-07 0.0003345 3.7478e-07 -0.00012457 3.2906e-05 -0.00015748 -0.00010341 -2.1167e-05 -0.00014124 1.6667e-05 -3.3458e-08 -0.00016865 0.00016862 -8.3056e-05 8.3023e-05 1.7905e-06 -1.824e-06 -4.695e-06 0.00022081 -0.0002255 5.3226e-05 -5.7921e-05 -2.1947e-05 1.7252e-05 -2.3222e-05 9.801e-05 -0.00012123 -4.3945e-05 2.0723e-05 -5.3207e-05 2.9985e-05 
1.976 -4.8187e-10 -3.9635e-40 -4.8187e-10 -3.9483e-40 -4.8187e-10 -3.9469e-40 -4.8187e-10 2.0556e-05 1.7588e-23 2.0556e-05 1.7543e-23 2.0556e-05 1.7622e-23 2.0556e-05 9.9238e-05 0.00010123 -1.9902e-06 9.9104e-05 1.3415e-07 9.9405e-05 -1.67e-07 -3.111e-05 0.00021026 -0.00024137 -2.8523e-05 -2.5863e-06 -3.0066e-05 -1.0431e-06 -1.0244e-08 2.2109e-05 -2.2119e-05 -1.3476e-05 1.3465e-05 5.6858e-05 -5.6868e-05 -1.4125e-06 5.8492e-05 -5.9904e-05 2.3027e-05 -2.444e-05 2.443e-05 -2.5842e-05 -6.835e-06 -0.00012504 0.00011821 -2.4845e-05 1.801e-05 -3.9505e-06 -2.8844e-06 
1.98 2.0448e-09 1.351e-39 2.0448e-09 1.3512e-39 2.0448e-09 1.3516e-39 2.0448e-09 -9.3172e-05 -6.6222e-23 -9.3172e-05 -6.5524e-23 -9.3172e-05 -6.544e-23 -9.3172e-05 -0.00042484 -0.00042193 -2.906e-06 -0.00042537 5.3425e-07 -0.00042462 -2.1227e-07 0.00010418 0.00042651 -0.00032232 6.5441e-05 3.8741e-05 0.00011967 -1.5489e-05 5.4703e-08 -0.00014224 0.00014229 -5.9548e-05 5.9603e-05 -4.5355e-05 4.5409e-05 6.4406e-06 0.00013321 -0.00012677 -1.952e-05 2.5961e-05 1.3022e-05 -6.5811e-06 2.9381e-05 0.00024273 -0.00021335 6.468e-05 -3.53e-05 2.8982e-05 3.9888e-07 
1.984 -3.7144e-09 -1.6377e-39 -3.7144e-09 -1.6164e-39 -3.7144e-09 -1.6146e-39 -3.7144e-09 0.0001464 8.4296e-23 0.0001464 8.4106e-23 0.0001464 8.4426e-23 0.0001464 0.00063262 0.00062797 4.6466e-06 0.00063093 1.6822e-06 0.00063264 -2.3855e-08 -9.49e-05 -0.00013002 3.5122e-05 -0.00012096 2.6063e-05 -8.0193e-05 -1.4707e-05 -9.6983e-08 0.00012338 -0.00012348 -7.4134e-05 7.4037e-05 2.9141e-05 -2.9238e-05 -1.0127e-05 -0.00016428 0.00015415 -3.7613e-06 -6.3657e-06 -1.4682e-05 4.5547e-06 -4.3771e-05 1.752e-05 -6.1291e-05 -0.00011856 7.4789e-05 -4.1665e-05 -2.1063e-06 
1.988 5.4564e-09 1.4777e-39 5.4564e-09 1.486e-39 5.4564e-09 1.4851e-39 5.4564e-09 -0.00017852 -8.202e-23 -0.00017852 -8.3307e-23 -0.00017852 -8.3458e-23 -0.00017852 -0.00072474 -0.00074061 1.5867e-05 -0.00072604 1.2939e-06 -0.00072479 4.7967e-08 1.2536e-05 9.1116e-05 -7.858e-05 2.0899e-05 -8.3627e-06 1.4188e-05 -1.6517e-06 1.3421e-07 8.2144e-05 -8.201e-05 -3.8882e-05 3.9016e-05 5.5694e-06 -5.4352e-06 1.2352e-05 0.00013276 -0.00012041 -5.3183e-05 6.5536e-05 -1.1499e-05 2.3852e-05 5.0156e-05 0.00017761 -0.00012746 5.0053e-05 1.0251e-07 3.0195e-05 1.9961e-05 
1.992 -7.1832e-09 -1.1591e-39 -7.1832e-09 -1.1535e-39 -7.1832e-09 -1.1539e-39 -7.1832e-09 0.00018987 6.8689e-23 0.00018987 6.9601e-23 0.00018987 6.9479e-23 0.00018987 0.00071358 0.00071702 -3.4432e-06 0.00071483 -1.2558e-06 0.00071503 -1.4484e-06 0.00012561 0.0003229 -0.00019729 6.4203e-05 6.1409e-05 0.00013798 -1.2369e-05 -1.6377e-07 -0.0004478 0.00044764 -6.3672e-05 6.3508e-05 -2.898e-06 2.7342e-06 -1.314e-05 -9.781e-06 -3.3594e-06 -4.819e-05 3.505e-05 -2.1402e-05 8.2616e-06 -4.9389e-05 -0.00019387 0.00014448 -0.00018072 0.00013134 -5.6884e-05 7.4943e-06 
1.996 8.7574e-09 7.4523e-40 8.7574e-09 7.3888e-40 8.7574e-09 7.3746e-40 8.7574e-09 -0.00018267 -4.8787e-23 -0.00018267 -4.8037e-23 -0.00018267 -4.8042e-23 -0.00018267 -0.00061975 -0.00061074 -9.0087e-06 -0.00062081 1.0611e-06 -0.00062054 7.9038e-07 -0.00029579 0.00025457 -0.00055035 -0.00024532 -5.0471e-05 -0.00031326 1.7475e-05 1.835e-07 0.00028066 -0.00028048 3.7309e-05 -3.7126e-05 -4.5015e-05 4.5199e-05 1.2644e-05 0.00038882 -0.00037618 1.8882e-05 -6.2381e-06 -1.0408e-05 2.3052e-05 4.29e-05 1.4776e-05 2.8124e-05 8.193e-05 -3.903e-05 6.4045e-05 -2.1144e-05 
2 -1.0002e-08 -3.0757e-40 -1.0002e-08 -3.0338e-40 -1.0002e-08 -3.022e-40 -1.0002e-08 0.00016069 2.4067e-23 0.00016069 2.3363e-23 0.00016069 2.3428e-23 0.00016069 0.00046983 0.00047671 -6.8743e-06 0.00046926 5.6975e-07 0.00046928 5.505e-07 0.00046983 0.00052515 -5.5316e-05 0.00049385 -2.4016e-05 0.00046668 3.1471e-06 -1.9186e-07 7.1657e-05 -7.1849e-05 -1.1027e-05 1.0835e-05 -1.0597e-05 1.0405e-05 -1.1125e-05 -2.5091e-06 -8.6162e-06 2.8754e-05 -3.9879e-05 1.0825e-06 -1.2208e-05 -3.2528e-05 -3.9223e-05 6.6945e-06 1.0381e-05 -4.291e-05 -3.9229e-05 6.7006e-06 
